3727
3827
3927
4027
4127
4227
4327
4427
4527
4627
3728
3828
3928
4028
4128
4228
4328
4428
4528
4628
3729
3829
3929
4029
4129
4229
4329
4429
4529
4629
3730
3830
3930
4030
4130
4230
4330
4430
4530
4630
3731
3831
3931
4031
4131
4231
4331
4431
4531
4631
3732
3832
3932
4032
4132
4232
4332
4432
4532
4632
3733
3833
3933
4033
4133
4233
4333
4433
4533
4633
3734
3834
3934
4034
4134
4234
4334
4434
4534
4634
3735
3835
3935
4035
4135
4235
4335
4435
4535
4635
3736
3836
3936
4036
4136
4236
4336
4436
4536
4636
3737
3837
3937
4037
4137
4237
4337
4437
4537
4637
3738
3838
3938
4038
4138
4238
4338
4438
4538
4638
3739
3839
3939
4039
4139
4239
4339
4439
4539
4639
3740
3840
3940
4040
4140
4240
4340
4440
4540
4640
3741
3841
3941
4041
4141
4241
4341
4441
4541
4641
3742
3842
3942
4042
4142
4242
4342
4442
4542
4642
3743
3843
3943
4043
4143
4243
4343
4443
4543
4643
3744
3844
3944
4044
4144
4244
4344
4444
4544
4644
3745
3845
3945
4045
4145
4245
4345
4445
4545
4645
3746
3846
3946
4046
4146
4246
4346
4446
4546
4646
3747
3847
3947
4047
4147
4247
4347
4447
4547
4647
3748
3848
3948
4048
4148
4248
4348
4448
4548
4648
3749
3849
3949
4049
4149
4249
4349
4449
4549
4649
3750
3850
3950
4050
4150
4250
4350
4450
4550
4650
3751
3851
3951
4051
4151
4251
4351
4451
4551
4651
3752
3852
3952
4052
4152
4252
4352
4452
4552
4652
3753
3853
3953
4053
4153
4253
4353
4453
4553
4653
3754
3854
3954
4054
4154
4254
4354
4454
4554
4654
3755
3855
3955
4055
4155
4255
4355
4455
4555
4655
3756
3856
3956
4056
4156
4256
4356
4456
4556
4656
3757
3857
3957
4057
4157
4257
4357
4457
4557
4657
3758
3858
3958
4058
4158
4258
4358
4458
4558
4658
3759
3859
3959
4059
4159
4259
4359
4459
4559
4659
3760
3860
3960
4060
4160
4260
4360
4460
4560
4660
3761
3861
3961
4061
4161
4261
4361
4461
4561
4661
3762
3862
3962
4062
4162
4262
4362
4462
4562
4662
3763
3863
3963
4063
4163
4263
4363
4463
4563
4663
3764
3864
3964
4064
4164
4264
4364
4464
4564
4664
3765
3865
3965
4065
4165
4265
4365
4465
4565
4665
3766
3866
3966
4066
4166
4266
4366
4466
4566
4666
3767
3867
3967
4067
4167
4267
4367
4467
4567
4667
3768
3868
3968
4068
4168
4268
4368
4468
4568
4668
3769
3869
3969
4069
4169
4269
4369
4469
4569
4669
3770
3870
3970
4070
4170
4270
4370
4470
4570
4670
3771
3871
3971
4071
4171
4271
4371
4471
4571
4671
3772
3872
3972
4072
4172
4272
4372
4472
4572
4672
3773
3873
3973
4073
4173
4273
4373
4473
4573
4673
3774
3874
3974
4074
4174
4274
4374
4474
4574
4674
3775
3875
3975
4075
4175
4275
4375
4475
4575
4675
3776
3876
3976
4076
4176
4276
4376
4476
4576
4676
3777
3877
3977
4077
4177
4277
4377
4477
4577
4677
3778
3878
3978
4078
4178
4278
4378
4478
4578
4678
3779
3879
3979
4079
4179
4279
4379
4479
4579
4679
3780
3880
3980
4080
4180
4280
4380
4480
4580
4680
3781
3881
3981
4081
4181
4281
4381
4481
4581
4681
3782
3882
3982
4082
4182
4282
4382
4482
4582
4682
3783
3883
3983
4083
4183
4283
4383
4483
4583
4683
3784
3884
3984
4084
4184
4284
4384
4484
4584
4684
3785
3885
3985
4085
4185
4285
4385
4485
4585
4685
3786
3886
3986
4086
4186
4286
4386
4486
4586
4686
3787
3887
3987
4087
4187
4287
4387
4487
4587
4687
3788
3888
3988
4088
4188
4288
4388
4488
4588
4688
3789
3889
3989
4089
4189
4289
4389
4489
4589
4689
3790
3890
3990
4090
4190
4290
4390
4490
4590
4690
3791
3891
3991
4091
4191
4291
4391
4491
4591
4691
3792
3892
3992
4092
4192
4292
4392
4492
4592
4692
3793
3893
3993
4093
4193
4293
4393
4493
4593
4693
3794
3894
3994
4094
4194
4294
4394
4494
4594
4694
3795
3895
3995
4095
4195
4295
4395
4495
4595
4695
3796
3896
3996
4096
4196
4296
4396
4496
4596
4696
3797
3897
3997
4097
4197
4297
4397
4497
4597
4697
3798
3898
3998
4098
4198
4298
4398
4498
4598
4698
3799
3899
3999
4099
4199
4299
4399
4499
4599
4699
3800
3900
4000
4100
4200
4300
4400
4500
4600
4700
3801
3901
4001
4101
4201
4301
4401
4501
4601
4701
3802
3902
4002
4102
4202
4302
4402
4502
4602
4702
3803
3903
4003
4103
4203
4303
4403
4503
4603
4703
3804
3904
4004
4104
4204
4304
4404
4504
4604
4704
3805
3905
4005
4105
4205
4305
4405
4505
4605
4705
3806
3906
4006
4106
4206
4306
4406
4506
4606
4706
3807
3907
4007
4107
4207
4307
4407
4507
4607
4707
3808
3908
4008
4108
4208
4308
4408
4508
4608
4708
3809
3909
4009
4109
4209
4309
4409
4509
4609
4709
3810
3910
4010
4110
4210
4310
4410
4510
4610
4710
3811
3911
4011
4111
4211
4311
4411
4511
4611
4711
3812
3912
4012
4112
4212
4312
4412
4512
4612
4712
3813
3913
4013
4113
4213
4313
4413
4513
4613
4713
3814
3914
4014
4114
4214
4314
4414
4514
4614
4714
3815
3915
4015
4115
4215
4315
4415
4515
4615
4715
3816
3916
4016
4116
4216
4316
4416
4516
4616
4716
3817
3917
4017
4117
4217
4317
4417
4517
4617
4717
3818
3918
4018
4118
4218
4318
4418
4518
4618
4718
3819
3919
4019
4119
4219
4319
4419
4519
4619
4719
3820
3920
4020
4120
4220
4320
4420
4520
4620
4720
3821
3921
4021
4121
4221
4321
4421
4521
4621
4721
3822
3922
4022
4122
4222
4322
4422
4522
4622
4722
3823
3923
4023
4123
4223
4323
4423
4523
4623
4723
3824
3924
4024
4124
4224
4324
4424
4524
4624
4724
3825
3925
4025
4125
4225
4325
4425
4525
4625
4725
3826
3926
4026
4126
4226
4326
4426
4526
4626
4726